COCO METRICS:
AP: 0.7932755775577558
AP50: 0.8811881188118812
AP75: 0.8811881188118812
APsmall: nan
APmedium: 0.4544554455445544
APlarge: 0.9003300330033005
AR1: 0.3
AR10: 0.8111111111111111
AR100: 0.8111111111111111
ARsmall: nan
ARmedium: 0.45
ARlarge: 0.9142857142857144

PASCAL METRIC (AP per class)
cow: 0.8888888888888888

PASCAL METRIC (mAP)
mAP: 0.8888888888888888